<<<<<<< HEAD
13.904039	38.810024	65.78919128
14.138044	41.01268	83.47141368
14.196227	43.644466	88.25675718
14.327178	47.188885	90.54715597
13.990817	50.88245	96.82557019
14.19579	54.507805	80.86852371
14.769141	55.801823	70.57613906
14.786737	55.867985	70.57613906
=======
13.904039	38.810024	65.78919128
14.138044	41.01268	83.47141368
14.196227	43.644466	88.25675718
14.327178	47.188885	90.54715597
13.990817	50.88245	96.82557019
14.19579	54.507805	80.86852371
14.769141	55.801823	70.57613906
14.786737	55.867985	70.57613906
>>>>>>> 9ccb631ae6dc38c6d8d32c4ccfaeff98646438c0
14.495296	54.997158	69.93419715