1;126.900392,37.572259 126.901231,37.571641 126.901657,37.571319 126.90307,37.570282 126.903725,37.569789 126.903893,37.569672 126.904079,37.569579 126.904384,37.56945 126.904491,37.569411 126.904823,37.569265 126.907311,37.568309 126.907362,37.568285
2;126.904538,37.569488 126.904432,37.569526 126.904133,37.569653 126.903958,37.569741 126.903798,37.569852 126.903144,37.570344 126.901731,37.571381 126.901305,37.571704 126.900465,37.572322
1;126.900375,37.572292 126.900194,37.569449 126.900011,37.566126
1;126.921326,37.571757 126.918745,37.569849 126.918392,37.569569 126.918191,37.569392 126.917932,37.569141 126.917199,37.568383 126.917006,37.568177 126.916756,37.567932 126.916303,37.567549 126.915745,37.567152 126.915097,37.56679 126.914802,37.566646 126.914427,37.566483 126.913973,37.566337 126.909075,37.564982
1;126.898401,37.562026 126.897911,37.561886 126.897682,37.56182 126.896982,37.561631 126.896504,37.561496 126.89616,37.561377 126.895917,37.561264 126.895545,37.561072 126.895209,37.56082 126.895001,37.560641 126.894804,37.56043 126.894633,37.560211 126.894468,37.559932 126.894382,37.559747 126.894338,37.559608 126.894271,37.559348 126.89423,37.559029 126.894233,37.558742 126.894264,37.558481 126.894411,37.557899 126.894692,37.556918 126.894756,37.5567 126.894927,37.556329 126.895131,37.556025 126.8953,37.555827 126.895508,37.55562 126.896473,37.554905 126.899042,37.553058 126.900011,37.552463
1;126.90061,37.552502 126.900474,37.552634 126.900105,37.553047 126.897782,37.554785 126.897268,37.555189 126.896969,37.555455 126.896507,37.555916 126.896107,37.55643 126.895842,37.556886 126.895703,37.55716 126.895492,37.55764 126.895285,37.558224 126.895209,37.558529 126.895193,37.558678 126.89519,37.559015 126.8952,37.55915 126.89526,37.559449 126.895342,37.559661 126.895537,37.560036 126.895737,37.560291 126.896275,37.560815 126.896461,37.560978 126.896682,37.561152 126.897065,37.561372 126.897304,37.56148 126.898029,37.561752
2;126.905919,37.56882 126.905902,37.568792 126.905878,37.568758 126.905843,37.568722 126.905364,37.568311 126.904371,37.56749 126.903855,37.567063 126.903314,37.566619 126.902544,37.565956 126.902312,37.565773 126.901576,37.56556 126.901523,37.565544 126.901455,37.565515 126.901404,37.565474
2;126.901481,37.565414 126.90152,37.565446 126.901569,37.565466 126.901614,37.56548 126.902371,37.565699 126.902622,37.565897 126.903392,37.56656 126.903933,37.567004 126.905442,37.568253 126.905926,37.568667 126.905969,37.568711 126.905997,37.568752 126.906016,37.568782
3;126.899155,37.566216 126.89931,37.566174 126.899965,37.565987 126.900095,37.565943 126.900138,37.565926 126.900571,37.565745 126.901418,37.565406
1;126.901467,37.565483 126.90062,37.565821 126.900187,37.566002 126.90014,37.566021 126.900004,37.566067 126.899346,37.566254 126.89919,37.566297
2;126.900167,37.565999 126.900155,37.566021 126.900136,37.566056 126.900125,37.566084 126.900119,37.566125 126.900301,37.569445 126.900482,37.572288
2;126.89893,37.561232 126.901694,37.562333 126.903888,37.562947
2;126.903827,37.562963 126.904334,37.562407 126.904689,37.562019 126.905461,37.561173 126.906033,37.560523 126.906403,37.560097 126.906854,37.559601 126.907097,37.559328 126.907687,37.558682 126.908258,37.558039
2;126.908346,37.558089 126.907775,37.558731 126.907184,37.559377 126.906941,37.55965 126.906491,37.560146 126.906122,37.560572 126.905549,37.561222 126.904777,37.562069 126.904422,37.562457 126.903914,37.563013
1;126.898022,37.56175 126.899401,37.562091 126.902345,37.562871
1;126.90095,37.562271 126.900352,37.56208399999999 126.899325,37.561684 126.898879,37.561495
2;126.911769,37.565335 126.911048,37.565127 126.910829,37.565065 126.907825,37.564249 126.907609,37.56418 126.90727,37.564069 126.905545,37.563507 126.903852,37.563028
1;126.903888,37.562947 126.905583,37.563427 126.907311,37.56399 126.90765,37.564101 126.907862,37.564169 126.910865,37.564984 126.911085,37.565047 126.911806,37.565255
1;126.903168,37.563749 126.903542,37.563824 126.904526,37.564072 126.905844,37.564404 126.906359,37.564524 126.907323,37.564748 126.907578,37.564789 126.908007,37.564875 126.908675,37.564979 126.908868,37.565028 126.90929,37.565181 126.910579,37.565588 126.911272,37.565848
2;126.911226,37.565925 126.910536,37.565667 126.909248,37.565259 126.908829,37.565108 126.908648,37.565062 126.907983,37.564958 126.907554,37.564872 126.907297,37.564831 126.906329,37.564606 126.905813,37.564486 126.904494,37.564154 126.903512,37.563907 126.903141,37.563832
1;126.903915,37.563012 126.903854,37.563081 126.903281,37.563722 126.903198,37.563815
1;126.902345,37.562871 126.906882,37.564146 126.914172,37.566156 126.914549,37.566289 126.91491,37.566466 126.915234,37.566609 126.915878,37.566965 126.916505,37.567403 126.916969,37.567787 126.917205,37.568017 126.917493,37.568334 126.918128,37.568994 126.918349,37.569207 126.918599,37.569425 126.918847,37.569626 126.919957,37.570433 126.921775,37.571818 126.922741,37.572538
1;126.911292,37.565911 126.910538,37.566723 126.909965,37.567238 126.909904,37.567284 126.90975,37.567382 126.909559,37.567501 126.908603,37.567914 126.907953,37.568172 126.907415,37.568359 126.907362,37.568384 126.904873,37.56934 126.904542,37.569487
2;126.907368,37.568282 126.907907,37.568094 126.908553,37.567838 126.9095,37.567429 126.909683,37.567315 126.909832,37.56722 126.909887,37.567179 126.910455,37.566669 126.911206,37.565861 126.91134,37.565715 126.91159,37.565439 126.911744,37.56527
1;126.909075,37.564982 126.898401,37.562026
1;126.903852,37.563028 126.901657,37.562413 126.900957,37.562273
1;126.90311,37.563766 126.903193,37.563673 126.903766,37.563032 126.903826,37.562963
2;126.903197,37.563817 126.902578,37.564462 126.90201,37.565078 126.901699,37.565345 126.901548,37.565441 126.901471,37.56548
1;126.901413,37.565408 126.901485,37.565372 126.901625,37.565282 126.901927,37.565024 126.902492,37.564411 126.903111,37.563765
1;126.916845,37.567426 126.916036,37.567812 126.915851,37.567902 126.915404,37.568103 126.913105,37.569002 126.911436,37.569689 126.910459,37.570085 126.909212,37.570624 126.908823,37.57081 126.907932,37.57127 126.907108,37.571735 126.905732,37.572516 126.904156,37.573433 126.903226,37.573977 126.903063,37.574075 126.90259,37.574362 126.900916,37.575353 126.900237,37.575777 126.899495,37.576231 126.898672,37.576796 126.897762,37.577411 126.89682,37.578086 126.896356,37.578389 126.895577,37.578854 126.894654,37.579415
1;126.894588,37.579347 126.895512,37.578786 126.896289,37.578322 126.896749,37.578022 126.89769,37.577347 126.898602,37.576732 126.899426,37.576165 126.900171,37.575709 126.90085,37.575285 126.902525,37.574294 126.902998,37.574007 126.903161,37.573908 126.904092,37.573364 126.905669,37.572446 126.907046,37.571666 126.907872,37.5712 126.908765,37.570738 126.909158,37.57055 126.910408,37.570009 126.911386,37.569613 126.913056,37.568926 126.915354,37.568027 126.915796,37.567829 126.91598,37.567739 126.916789,37.567352
